8 12
8 13
8 14
8 15
8 16
8 17
8 18
8 19
8 20
8 21
8 22
8 23
8 24
8 25
8 26
8 27
8 28
8 29
8 30
8 31
8 32
8 33
8 34
8 35
8 36
8 37
8 38
170 12
170 13
170 14
170 15
170 16
170 17
170 18
170 19
170 20
170 21
170 22
170 23
170 24
170 25
170 26
170 27
170 28
170 29
170 30
170 31
170 32
170 33
170 34
170 35
170 36
170 37
170 38
12 26
12 27
12 28
12 29
12 30
12 31
12 32
12 33
12 34
12 35
12 36
12 37
12 38
12 39
12 40
12 41
12 42
12 43
12 44
13 44
14 44
15 44
16 44
17 44
18 44
19 44
20 44
21 44
22 44
23 44
24 44
25 44
26 44
27 44
28 44
29 44
30 44
31 44
32 44
33 44
34 44
35 44
36 44
37 44
38 44
39 44
40 44
41 44
42 44
43 44
44 44
45 44
46 44
47 44
48 44
49 44
50 44
51 44
52 44
53 44
54 44
55 44
56 44
57 44
58 44
59 44
60 44
61 44
62 44
63 44
64 44
65 44
66 44
67 44
68 44
69 44
70 44
71 44
72 44
73 44
74 44
75 44
76 44
77 44
78 44
79 44
80 44
81 44
82 44
83 44
84 44
85 44
86 44
87 44
88 44
89 44
90 44
91 44
92 44
93 44
94 44
95 44
96 44
97 44
98 44
99 44
100 44
101 44
102 44
103 44
104 44
105 44
106 44
107 44
108 44
109 44
110 44
111 44
112 44
113 44
114 44
115 44
116 44
117 44
118 44
119 44
120 44
121 44
122 44
123 44
124 44
125 44
126 44
127 44
128 44
129 44
130 44
131 44
132 44
133 44
134 44
135 44
136 44
137 44
138 44
139 44
140 44
141 44
142 44
143 44
144 44
145 44
146 44
147 44
148 44
149 44
150 44
151 44
152 44
153 44
154 44
155 44
156 44
157 44
158 44
159 44
160 44
160 43
160 42
160 41
160 40
160 39
160 38
160 37
160 36
160 35
160 34
160 33
160 32
160 31
160 30
160 29
160 28
160 27
160 26
159 26
158 26
157 26
156 26
155 26
154 26
153 26
152 26
151 26
150 26
149 26
148 26
147 26
146 26
145 26
144 26
143 26
142 26
141 26
140 26
139 26
138 26
137 26
136 26
135 26
134 26
133 26
132 26
131 26
130 26
129 26
128 26
127 26
126 26
125 26
124 26
123 26
122 26
121 26
120 26
119 26
118 26
117 26
116 26
115 26
114 26
113 26
112 26
111 26
110 26
109 26
108 26
107 26
106 26
105 26
104 26
103 26
102 26
101 26
100 26
99 26
98 26
97 26
96 26
95 26
94 26
93 26
92 26
91 26
90 26
89 26
88 26
87 26
86 26
85 26
84 26
83 26
82 26
81 26
80 26
79 26
78 26
77 26
76 26
75 26
74 26
73 26
72 26
71 26
70 26
69 26
68 26
67 26
66 26
65 26
64 26
63 26
62 26
61 26
60 26
59 26
58 26
57 26
56 26
55 26
54 26
53 26
52 26
51 26
50 26
49 26
48 26
47 26
46 26
45 26
44 26
43 26
42 26
41 26
40 26
39 26
38 26
37 26
36 26
35 26
34 26
33 26
32 26
31 26
30 26
29 26
28 26
27 26
26 26
25 26
24 26
23 26
22 26
21 26
20 26
19 26
18 26
17 26
16 26
15 26
14 26
13 26
131 6
132 6
133 6
134 6
135 6
136 6
137 6
138 6
139 6
140 6
141 6
142 6
143 6
144 6
145 6
146 6
147 6
148 6
149 6
150 6
151 6
152 6
153 6
154 6
155 6
156 6
157 6
158 6
159 6
160 6
161 6
162 6
163 6
164 6
165 6
165 7
165 8
165 9
165 10
165 11
165 12
165 13
165 14
165 15
165 16
165 17
165 18
165 19
165 20
165 21
165 22
165 23
164 23
163 23
162 23
161 23
160 23
159 23
158 23
157 23
156 23
155 23
154 23
153 23
152 23
151 23
150 23
149 23
148 23
147 23
146 23
145 23
144 23
143 23
142 23
141 23
140 23
139 23
138 23
137 23
136 23
135 23
134 23
133 23
132 23
131 23
130 23
129 23
128 23
127 23
126 23
125 23
124 23
123 23
122 23
121 23
120 23
119 23
118 23
117 23
116 23
115 23
114 23
113 23
112 23
111 23
110 23
109 23
108 23
107 23
106 23
105 23
104 23
103 23
102 23
101 23
100 23
99 23
98 23
97 23
96 23
95 23
94 23
93 23
92 23
91 23
90 23
89 23
88 23
87 23
86 23
85 23
84 23
83 23
82 23
81 23
80 23
79 23
78 23
77 23
76 23
75 23
74 23
73 23
72 23
71 23
70 23
69 23
68 23
67 23
66 23
65 23
64 23
63 23
62 23
61 23
60 23
59 23
58 23
57 23
56 23
55 23
54 23
53 23
52 23
51 23
50 23
49 23
48 23
47 23
46 23
45 23
44 23
43 23
42 23
41 23
40 23
39 23
38 23
37 23
36 23
35 23
34 23
33 23
32 23
31 23
30 23
29 23
28 23
27 23
26 23
25 23
24 23
23 23
22 23
21 23
20 23
19 23
19 22
19 21
19 20
19 19
19 18
19 17
19 16
19 15
19 13
19 14
19 12
19 11
19 10
19 9
19 8
19 7
19 6
20 6
21 6
22 6
23 6
24 6
25 6
26 6
27 6
28 6
29 6
30 6
31 6
32 6
33 6
34 6
35 6
36 6
37 6
38 6
39 6
40 6
41 6
42 6
43 6
44 6
49 6
49 7
49 8
49 9
49 10
49 11
49 12
49 13
49 13
50 13
51 13
52 13
53 13
54 13
55 13
56 13
57 13
58 13
59 13
60 13
61 13
62 13
63 13
64 13
65 13
66 13
67 13
68 13
69 13
70 13
71 13
72 13
73 13
74 13
75 13
76 13
77 13
78 13
79 13
80 13
81 13
82 13
83 13
84 13
85 13
86 13
87 13
88 13
89 13
90 13
91 13
92 13
93 13
94 13
95 13
96 13
97 13
98 13
99 13
100 13
101 13
102 13
103 13
104 13
105 13
106 13
107 13
108 13
109 13
110 13
111 13
112 13
113 13
114 13
115 13
116 13
117 13
118 13
119 13
120 13
121 13
122 13
123 13
124 13
125 13
126 13
127 13
128 13
128 12
128 11
128 10
128 9
128 8
128 7
128 6
127 6
126 6
125 6
124 6
123 6
122 6
121 6
120 6
119 6
118 6
117 6
116 6
115 6
114 6
113 6
112 6
111 6
110 6
109 6
108 6
107 6
106 6
105 6
104 6
103 6
102 6
101 6
100 6
99 6
98 6
97 6
96 6
95 6
94 6
93 6
92 6
91 6
90 6
89 6
88 6
87 6
86 6
85 6
84 6
83 6
82 6
81 6
80 6
79 6
78 6
77 6
76 6
75 6
74 6
73 6
72 6
71 6
70 6
69 6
68 6
67 6
66 6
65 6
64 6
63 6
62 6
61 6
60 6
59 6
58 6
57 6
56 6
55 6
54 6
53 6
52 6
51 6
50 6
49 6
3 3
3 4
3 5
3 6
3 7
3 8
3 9
3 10
3 11
3 12
3 13
3 14
3 15
3 16
3 17
3 18
3 19
3 20
3 21
3 22
3 23
3 24
3 25
3 26
3 27
3 28
3 29
3 30
3 31
3 32
3 33
3 34
3 35
3 36
3 37
3 38
3 39
3 40
3 41
3 42
3 43
3 44
3 45
3 46
3 47
3 48
3 49
5 49
6 49
7 49
8 49
9 49
10 49
11 49
12 49
13 49
14 49
15 49
16 49
17 49
18 49
19 49
20 49
21 49
22 49
23 49
24 49
25 49
26 49
27 49
28 49
29 49
30 49
31 49
32 49
33 49
34 49
35 49
36 49
37 49
38 49
39 49
40 49
41 49
42 49
43 49
44 49
45 49
46 49
47 49
48 49
49 49
50 49
51 49
52 49
53 49
54 49
55 49
56 49
57 49
58 49
59 49
60 49
61 49
62 49
63 49
64 49
65 49
66 49
67 49
68 49
69 49
70 49
71 49
72 49
73 49
74 49
75 49
76 49
77 49
78 49
79 49
80 49
81 49
82 49
83 49
84 49
85 49
86 49
87 49
88 49
89 49
90 49
91 49
92 49
93 49
94 49
95 49
96 49
97 49
98 49
99 49
100 49
101 49
102 49
103 49
104 49
105 49
106 49
107 49
108 49
109 49
110 49
111 49
112 49
113 49
114 49
115 49
116 49
117 49
118 49
119 49
120 49
121 49
122 49
123 49
124 49
125 49
126 49
127 49
128 49
129 49
130 49
131 49
132 49
133 49
134 49
135 49
136 49
137 49
138 49
139 49
140 49
141 49
142 49
143 49
144 49
145 49
146 49
147 49
148 49
149 49
150 49
151 49
152 49
153 49
154 49
155 49
156 49
157 49
158 49
159 49
160 49
161 49
162 49
163 49
164 49
165 49
166 49
167 49
168 49
169 49
170 49
171 49
172 49
173 49
174 49
175 49
176 49
177 49
178 49
179 49
180 49
181 49
181 48
181 47
181 46
181 45
181 44
181 43
181 42
181 41
181 40
181 39
181 38
181 37
181 36
181 35
181 34
181 33
181 32
181 31
181 30
181 29
181 28
181 27
181 26
181 25
181 24
181 23
181 22
181 21
181 20
181 19
181 18
181 17
181 16
181 15
181 14
181 13
181 12
181 11
181 10
181 9
181 8
181 7
181 6
181 5
181 4
181 3
180 3
179 3
178 3
177 3
176 3
175 3
174 3
173 3
172 3
171 3
170 3
169 3
168 3
167 3
166 3
165 3
164 3
163 3
162 3
161 3
160 3
159 3
158 3
157 3
156 3
155 3
154 3
153 3
152 3
151 3
150 3
149 3
148 3
147 3
146 3
145 3
144 3
143 3
142 3
141 3
140 3
139 3
138 3
137 3
136 3
135 3
134 3
133 3
132 3
131 3
130 3
129 3
128 3
127 3
126 3
125 3
124 3
123 3
122 3
121 3
120 3
119 3
118 3
117 3
116 3
115 3
114 3
113 3
112 3
111 3
110 3
109 3
108 3
107 3
106 3
105 3
104 3
103 3
102 3
101 3
100 3
99 3
98 3
97 3
96 3
95 3
94 3
93 3
92 3
91 3
90 3
89 3
88 3
87 3
86 3
85 3
84 3
83 3
82 3
81 3
80 3
79 3
78 3
77 3
76 3
75 3
74 3
73 3
72 3
71 3
70 3
69 3
68 3
67 3
66 3
65 3
64 3
63 3
62 3
61 3
60 3
59 3
58 3
57 3
56 3
55 3
54 3
53 3
52 3
51 3
50 3
49 3
48 3
47 3
46 3
45 3
44 3
43 3
42 3
41 3
40 3
39 3
38 3
37 3
36 3
35 3
34 3
33 3
32 3
31 3
30 3
29 3
28 3
27 3
26 3
25 3
24 3
23 3
22 3
21 3
20 3
19 3
18 3
17 3
16 3
15 3
14 3
13 3
12 3
11 3
10 3
9 3
8 3
7 3
6 3
5 3
