166 5
165 5
164 5
163 5
162 5
161 5
160 5
159 5
158 5
157 5
156 5
155 5
154 5
153 5
152 5
151 5
150 5
149 5
148 5
147 5
146 5
145 5
144 5
143 5
142 5
141 5
140 5
139 5
138 5
137 5
136 5
135 5
134 5
133 5
132 5
131 5
130 5
130 6
130 7
130 8
130 9
130 10
130 11
130 12
130 13
130 14
130 15
129 15
128 15
127 15
126 15
125 15
124 15
123 15
122 15
121 15
120 15
119 15
118 15
117 15
116 15
115 15
114 15
113 15
112 15
111 15
110 15
109 15
108 15
107 15
106 15
105 15
104 15
103 15
102 15
101 15
100 15
99 15
98 15
97 15
96 15
95 15
94 15
93 15
92 15
91 15
90 15
89 15
88 15
87 15
86 15
85 15
84 15
83 15
82 15
81 15
80 15
79 15
78 15
77 15
76 15
75 15
74 15
73 15
72 15
71 15
70 15
69 15
68 15
67 15
66 15
65 15
64 15
63 15
62 15
61 15
60 15
59 15
58 15
57 15
56 15
55 15
54 15
53 15
52 15
51 15
50 15
49 15
48 15
47 15
46 15
46 14
46 13
46 12
46 11
46 10
46 9
46 8
46 7
46 6
46 5
45 5
44 5
43 5
42 5
41 5
40 5
39 5
38 5
37 5
36 5
35 5
34 5
33 5
32 5
31 5
30 5
29 5
28 5
27 5
26 5
25 5
24 5
23 5
22 5
21 5
20 5
19 5
18 5
17 5
16 5
16 6
16 7
16 8
16 9
16 10
16 11
16 12
16 13
16 14
16 15
16 16
16 17
16 18
16 19
16 20
16 21
16 22
16 23
16 24
17 24
18 24
19 24
20 24
21 24
22 24
23 24
24 24
25 24
26 24
27 24
28 24
29 24
30 24
31 24
32 24
33 24
34 24
35 24
36 24
37 24
38 24
39 24
40 24
41 24
42 24
43 24
44 24
45 24
46 24
47 24
48 24
49 24
50 24
51 24
52 24
53 24
54 24
55 24
56 24
57 24
58 24
59 24
60 24
61 24
62 24
63 24
64 24
65 24
66 24
67 24
68 24
69 24
70 24
71 24
72 24
73 24
74 24
75 24
76 24
77 24
78 24
79 24
80 24
81 24
82 24
83 24
84 24
85 24
86 24
87 24
88 24
89 24
90 24
91 24
92 24
93 24
94 24
95 24
96 24
97 24
98 24
99 24
100 24
101 24
102 24
103 24
104 24
105 24
106 24
107 24
108 24
109 24
110 24
111 24
112 24
113 24
114 24
115 24
116 24
117 24
118 24
119 24
120 24
121 24
122 24
123 24
124 24
125 24
126 24
127 24
128 24
129 24
130 24
131 24
132 24
133 24
134 24
135 24
136 24
137 24
138 24
139 24
140 24
141 24
142 24
143 24
144 24
145 24
146 24
147 24
148 24
149 24
150 24
151 24
152 24
153 24
154 24
155 24
156 24
157 24
158 24
159 24
160 24
161 24
162 24
163 24
164 24
165 24
166 24
166 23
166 22
166 21
166 20
166 19
166 18
166 17
166 16
166 15
166 14
166 13
166 12
166 11
166 10
166 9
166 8
166 7
166 6
