4 40
5 40
6 40
7 40
8 40
9 40
10 40
10 41
10 42
10 43
10 44
10 45
11 45
12 45
13 45
14 45
15 45
16 45
17 45
18 45
19 45
20 45
21 45
22 45
23 45
24 45
25 45
26 45
27 45
28 45
29 45
30 45
31 45
32 45
33 45
34 45
35 45
36 45
37 45
38 45
39 45
40 45
41 45
42 45
43 45
44 45
45 45
46 45
47 45
48 45
49 45
50 45
51 45
52 45
53 45
54 45
55 45
56 45
57 45
58 45
59 45
60 45
61 45
62 45
63 45
64 45
65 45
66 45
67 45
68 45
69 45
70 45
71 45
72 45
73 45
74 45
75 45
76 45
77 45
78 45
79 45
80 45
81 45
82 45
83 45
84 45
85 45
86 45
87 45
88 45
89 45
90 45
91 45
92 45
93 45
94 45
95 45
96 45
97 45
98 45
99 45
100 45
101 45
102 45
103 45
104 45
105 45
106 45
107 45
108 45
109 45
110 45
111 45
112 45
113 45
114 45
115 45
116 45
117 45
118 45
119 45
120 45
121 45
122 45
123 45
124 45
125 45
126 45
127 45
128 45
129 45
130 45
131 45
132 45
133 45
134 45
135 45
136 45
137 45
138 45
139 45
140 45
141 45
142 45
143 45
144 45
145 45
146 45
147 45
148 45
149 45
150 45
151 45
152 45
153 45
154 45
155 45
156 45
157 45
158 45
159 45
160 45
161 45
162 45
163 45
164 45
165 45
166 45
166 44
166 43
166 42
166 41
166 40
166 39
166 38
166 37
166 36
166 35
166 34
166 33
166 32
166 31
166 30
166 29
166 28
166 27
166 26
166 25
165 25
164 25
163 25
162 25
161 25
160 25
159 25
158 25
157 25
156 25
155 25
154 25
153 25
152 25
151 25
150 25
149 25
148 25
147 25
146 25
145 25
144 25
143 25
142 25
141 25
140 25
139 25
138 25
137 25
136 25
135 25
134 25
133 25
132 25
131 25
130 25
129 25
128 25
127 25
126 25
125 25
124 25
123 25
122 25
121 25
120 25
119 25
118 25
117 25
116 25
115 25
114 25
113 25
112 25
111 25
110 25
109 25
108 25
107 25
106 25
105 25
104 25
103 25
102 25
101 25
100 25
99 25
98 25
97 25
96 25
95 25
94 25
93 25
92 25
91 25
90 25
89 25
88 25
87 25
86 25
85 25
84 25
83 25
82 25
81 25
80 25
79 25
78 25
77 25
76 25
75 25
74 25
73 25
72 25
71 25
70 25
69 25
68 25
67 25
66 25
65 25
64 25
63 25
62 25
61 25
60 25
59 25
58 25
57 25
56 25
55 25
54 25
53 25
52 25
51 25
50 25
49 25
48 25
47 25
46 25
45 25
44 25
43 25
42 25
41 25
40 25
39 25
38 25
37 25
36 25
35 25
34 25
33 25
32 25
31 25
30 25
29 25
28 25
27 25
26 25
25 25
24 25
23 25
22 25
21 25
20 25
19 25
18 25
17 25
16 25
15 25
15 24
15 23
15 22
15 21
15 20
15 19
15 18
15 17
15 16
15 15
15 14
15 13
15 12
15 11
15 10
14 10
13 10
12 10
11 10
10 10
9 10
8 10
7 10
6 10
5 10
4 10
4 11
4 12
4 13
4 14
4 15
4 16
4 17
4 18
4 19
4 20
4 21
4 22
4 23
4 24
4 25
4 26
4 27
4 28
4 29
4 30
4 31
4 32
4 33
4 34
4 35
4 36
4 37
4 38
4 39
